0
0
0
0
0
0
0
0
0
0
0
0
0
0
0
0
0
0
0
0
0
0
0
0
0
0
0
0
0
0
0
0
0
0
0
0
0
0
0
0
0
0
0
0
0
0
0
0
0
0
0
0
0
0
0
0
0
0
0
0
0
0
0
0
0
0
0
0
0
0
0
0
0
0
0
0
0
0
0
0
0
0
0
0
0
0
0
0
0
0
0
0
0
0
0
0
0
0
0
0
0
0
0
0
0
0
0
0
0
0
0
0
0
0
0
0
0
0
0
0
0
0
0
0
0
0
0
0
0
0
0
0
0
0
0
0
0
0
0
0
0
0
0
0
0
0
0
0
0
0
0
0
0
0
0
0
0
0
0
0
0
0
0
0
0
0
0
0
0
0
0
0
0
0
0
0
0
0
0
0
0
0
0
0
0
0
0
0
0
0
0
0
0
0
0
0
0
0
0
0
0
0
0
0
0
0
0
0
0
0
0
0
0
0
0
0
0
0
0
0
0
0
0
0
2320
7028
10216
14470
21796
27830
28260
25824
27468
35610
49464
67360
85098
100686
109974
114518
114912
113518
112678
111780
111942
108108
106590
108994
113630
121736
129286
136984
144030
149832
152730
152476
149956
146372
144346
143682
142862
139930
136466
136148
136092
133714
130892
127004
123912
114582
104728
102014
94290
72938
47082
28468
18108
13426
10052
7080
4930
3380
2090
1266
1054
1084
1110
1198
1212
1268
1406
1452
1412
1374
1142
962
982
1138
1298
1462
1524
1752
2116
2348
2566
3192
3630
4004
4356
4774
5018
5292
5666
6172
7292
9590
14864
21928
30798
41000
48308
51792
54760
56212
57490
58026
61070
65332
74634
83070
91722
96814
102426
107922
115820
120112
121344
123784
122770
120680
117670
118138
114496
114216
114866
113996
113966
113904
117058
116642
120420
122518
128808
134504
137830
137632
140120
139444
135346
133304
137544
138524
139474
140070
139568
139142
139610
142620
145172
142614
142024
140744
143120
145402
150344
154402
154778
154554
154808
156792
156178
156134
156116
155474
153348
149846
146388
141838
138648
139800
142756
144250
146110
150432
153246
153584
151126
150126
149348
151296
155668
155926
155118
157262
159930
164652
165508
166648
166666
165468
164622
164252
161388
157390
154550
152138
149820
145308
141176
140108
139460
140982
142284
142952
143734
141610
138656
135524
131084
128004
124750
121714
117874
118010
117592
117196
116600
116094
112882
109864
106592
103876
99478
96370
93856
93084
91880
90156
89458
88332
87482
86194
85506
86388
86386
86384
87008
87826
89310
91210
93660
93816
93504
91724
89944
88010
86704
84618
82104
81974
81836
82340
81844
81598
82080
82814
85154
86902
88192
88416
88466
88814
90400
91852
91872
92242
94326
96038
95104
95140
94084
98154
101022
101226
100782
101528
99150
97022
96374
95834
95724
95276
93562
93118
93480
92750
94088
94174
94482
96686
97114
98640
99878
99366
100054
100966
100720
99290
97676
96722
96418
94810
92840
92532
92706
90872
90850
90064
91340
93432
94638
93850
96830
99568
102180
101966
101588
99406
96630
92378
88648
84154
79458
75180
71012
67930
64076
58940
55154
53180
52316
51014
47798
44432
39908
35514
30932
27676
25054
21706
19374
17166
15724
14064
13396
12316
11402
10522
10598
10686
10368
10348
9594
9256
8622
8072
7984
8260
8456
8968
9340
9464
9944
10272
10790
10688
11186
11584
12562
13730
16074
18878
23236
27730
33358
39959
48184
56244
62348
71518
79782
86292
93320
101444
106138
108506
107384
103084
99820
91500
84168
77448
71408
64432
61594
61764
63678
67352
71304
72910
72460
73852
77852
84198
89892
101022
112244
121450
127776
135688
138732
141916
145074
145704
144978
142905
143742
147678
149056
150824
150194
150072
150748
148482
143626
139554
137518
135676
133616
132690
128726
128932
126971
126136
125778
124190
123454
119496
120036
119536
117456
118970
118272
118380
119496
116316
114706
115020
113156
113382
115536
114200
112504
110116
108760
106972
103118
101398
103156
98354
91264
76592
56064
40030
31904
24812
18256
16462
13850
12786
13792
11574
4292
0
0
0
0
0
0
0
0
0
0
0
0
0
0
0
0
0
0
0
0
0
0
0
0
0
0
0
0
0
0
0
0
0
0
0
0
0
0
0
0
0
0
0
0
0
0
0
0
0
0
0
0
0
0
0
0
0
0
0
0
0
0
0
0
0
0
0
0
0
0
0
0
0
0
0
0
0
0
0
0
0
0
0
0
0
0
0
0
0
0
0
0
0
0
0
0
0
0
0
0
0
0
0
0
0
0
0
0
0
0
0
0
0
0
0
0
0
0
0
0
0
0
0
0
0
0
0
0
0
0
0
0
0
0
0
0
0
0
0
0
0
0
0
0
0
0
0
0
0
0
0
0
0
0
0
0
0
0
0
0
0
0
0
0
0
0
0
0
0
0
0
0
0
0
0
0
0
0
0
0
0
0
0
0
0
0
0
0
0
0
0
0
0
0
0
0
0
0
0
0
0
0
0
0
0
0
0
0
0
0
0
0
0
0
0
0
0
0
0
0
0
0
0
0
0
0
0
0
0
0
0
0
