0
0
0
0
0
0
0
0
0
0
0
0
0
0
0
0
0
0
0
0
0
0
0
0
0
0
0
0
0
0
0
0
0
0
0
0
0
0
0
0
0
0
0
0
0
0
0
0
0
0
0
0
0
0
0
0
0
0
0
0
0
0
0
0
0
0
0
0
0
0
0
0
0
0
0
0
0
0
0
0
0
0
0
0
0
0
0
0
0
0
0
0
0
0
0
0
0
0
0
0
0
0
0
0
0
0
0
0
0
0
0
0
0
0
0
0
0
0
0
0
0
0
0
0
0
0
0
0
0
0
0
0
0
0
0
0
0
0
0
0
0
0
0
0
0
0
0
0
0
0
0
0
0
0
0
0
0
0
0
0
0
0
0
0
0
0
0
0
0
0
0
0
0
0
0
0
0
0
0
0
0
0
0
0
0
0
0
0
0
0
0
0
0
0
0
0
0
0
0
0
0
0
0
0
0
0
0
0
0
0
0
0
0
0
416
1448
2060
1862
1664
1664
1664
1664
1664
1664
2592
5664
27396
50265
53547
49067
54864
58617
57088
55345
51664
48182
47774
48067
50888
56503
59964
62889
60020
55627
54457
55843
59183
62056
61631
62457
61864
58497
56511
55565
54274
53911
55405
55458
54432
51483
46499
43829
42514
43838
47348
50808
55972
54437
50515
49574
45093
45015
46444
48214
50504
52670
53136
52053
53235
52195
48319
42749
37956
34994
39096
39836
26864
8637
5458
4900
21259
39856
47449
54609
58868
61691
68287
69150
68723
71893
71007
70955
69767
73269
80801
87201
90251
90920
89072
90623
91839
90038
88991
89926
89648
91653
90367
93599
96336
102032
110554
117329
121997
120708
117053
120546
118356
104216
104425
106141
106091
101703
102299
106115
107997
113906
117296
124927
130273
121767
115808
114181
105957
90619
58839
15737
5238
2519
2602
1836
1664
1664
1664
1664
1664
1664
1664
1664
1664
1664
1664
1664
1664
1664
1664
1664
1664
1664
1664
1664
1664
1664
1664
1664
1664
2148
3443
4701
5206
5717
6441
9141
12823
17149
22937
30839
39182
46362
58200
75083
89979
95895
101040
106754
108820
110211
109982
110028
115749
121376
119666
119339
121091
122613
120560
121011
122675
124390
122585
119165
120747
123984
123310
124642
118793
120350
123628
121775
121572
121096
122222
128124
131932
133818
135676
130456
129530
134005
131545
130384
130992
133947
136347
135411
130897
128553
126083
124987
121197
116370
118361
118660
118223
117629
118502
119515
120683
122773
119535
117465
110654
112426
114561
114804
114296
110786
109539
107851
112237
113634
118165
120635
121278
125644
123026
121573
118786
116683
119238
117525
121848
120535
122280
127700
124163
115261
110537
113811
113837
108496
113389
115545
115108
112613
112085
112185
110393
109204
107333
108437
109220
106536
101434
100513
102731
102945
100376
102952
105740
104662
104643
102279
100049
104790
109880
112592
113937
109916
107774
112019
113012
104035
99571
102498
104651
107244
107568
108002
109903
111386
111860
114343
113484
112868
117498
124825
127372
129644
126800
126425
128595
123810
121105
122273
121043
117849
112027
107466
101790
97316
98248
103454
110361
111426
118641
122064
118660
114259
113966
116710
122006
128851
133308
130895
130463
130543
131837
134424
133356
133181
133068
130048
125868
126429
125307
121514
114817
112838
115183
118676
120511
118420
115311
109858
103868
98766
97837
97893
97986
98253
99983
92994
89862
90136
87942
81871
77729
71440
63312
54331
44624
35517
24477
17176
14654
11072
6914
4559
2536
1864
1828
1786
1796
1800
1946
2374
2524
2184
1908
1814
2198
3116
3724
7952
32096
74797
100139
100689
106908
114778
114467
100154
76942
104530
119948
120127
106492
97585
107549
118536
127591
127342
119386
119689
109494
100629
99132
106918
120426
118290
120356
121982
112602
105903
96686
98354
112824
111730
90794
75381
92494
109617
106653
99690
88461
95602
75651
32013
9490
3346
1666
1248
416
0
0
0
0
0
0
0
0
0
0
0
0
0
0
0
0
0
0
0
0
0
0
0
0
0
0
0
0
0
0
0
0
0
0
0
0
0
0
0
0
0
0
0
0
0
0
0
0
0
0
0
0
0
0
0
0
0
0
0
0
0
0
0
0
0
0
0
0
0
0
0
0
0
0
0
0
0
0
0
0
0
0
0
0
0
0
0
0
0
0
0
0
0
0
0
0
0
0
0
0
0
0
0
0
0
0
0
0
0
0
0
0
0
0
0
0
0
0
0
0
0
0
0
0
0
0
0
0
0
0
0
0
0
0
0
0
0
0
0
0
0
0
0
0
0
0
0
0
0
0
0
0
0
0
0
0
0
0
0
0
0
0
0
0
0
0
0
0
0
0
0
0
0
0
0
0
0
0
0
0
0
0
0
0
0
0
0
0
0
0
0
0
0
0
0
0
0
0
0
0
0
0
0
0
0
0
0
0
0
0
0
0
0
0
0
0
0
0
0
0
0
0
