0
0
0
0
0
0
0
0
0
0
0
0
0
0
0
0
0
0
0
0
0
0
0
0
0
0
0
0
0
0
0
0
0
0
0
0
0
0
0
0
0
0
0
0
0
0
0
0
0
0
0
0
0
0
0
0
0
0
0
0
0
0
0
0
0
0
0
0
0
0
0
0
0
0
0
0
0
0
0
0
0
0
0
0
0
0
0
0
0
0
0
0
0
0
0
0
0
0
0
0
0
0
0
0
0
0
0
0
0
0
0
0
0
0
0
0
0
0
0
0
0
0
0
0
0
0
0
0
0
0
0
0
0
0
0
0
0
0
0
0
0
0
0
0
0
0
0
0
0
0
0
0
0
0
0
0
0
0
0
0
0
0
0
0
0
0
0
0
0
0
0
0
0
0
0
0
0
0
0
0
0
0
0
0
0
0
0
0
0
0
0
0
0
0
0
0
0
0
0
0
0
0
0
0
0
0
0
0
0
0
0
0
0
0
5488
15642
24272
34742
47072
47430
46009
47697
54150
61583
67314
70446
74308
70060
61119
52509
49471
47859
50149
58199
59995
56572
56111
59243
59818
57617
55451
57386
57240
58736
65043
71127
68884
62467
62571
62117
60110
66141
72238
82088
89682
90765
89168
89467
84713
71355
60077
49647
48110
45498
35108
26333
18804
11780
7614
8698
12692
17652
20302
20359
25444
35840
47373
55177
61121
67542
70227
74484
78087
79979
80856
81200
83088
80990
79981
79229
82200
80365
77233
80747
83600
86547
87676
87011
82689
79940
84431
89120
91064
88066
85181
84997
87499
91592
87385
84892
86272
86625
82077
84643
87963
84345
80389
82174
82159
78143
76884
80041
80715
81528
81994
79885
82787
83308
81213
81038
77981
76930
74446
72959
76880
78700
82109
85462
87199
85145
86781
91921
88905
87923
87292
87416
82981
82442
85624
88278
90572
87475
86490
85363
85994
87515
84661
82517
85177
83146
78738
72340
77979
84609
86435
90379
95121
95512
90147
86823
87815
84373
82186
81210
81041
75808
69793
72950
73308
71074
72801
77155
79314
85504
92187
93694
96113
94284
89921
84131
83775
87794
85602
84021
85634
85842
78151
74987
82144
77896
75158
80735
83205
75584
72182
76696
75852
73422
72592
70014
67463
70115
75874
77651
77573
76902
77171
73725
72962
77899
79546
81372
81021
80954
79205
81801
83669
83455
84935
85231
82401
78259
79706
77486
75238
71332
67403
65525
65303
65495
68509
68765
70005
72201
70338
67287
68605
68672
66164
66374
69674
69112
65535
65654
66489
64667
64756
64490
67497
65622
63647
64685
62431
57965
59149
61011
60407
63488
67101
68952
71341
65934
60171
56328
55243
57120
55886
54702
53787
53862
52930
53582
54769
51534
49605
47725
43256
37960
34737
28408
17611
10830
5852
4746
7530
9492
7690
4976
4436
3870
3298
3318
3716
3780
3922
6310
10822
11530
13680
28541
46455
58611
68811
77311
81046
79669
75287
71322
69122
69195
72542
73317
72621
74743
77833
83112
88078
90530
91217
87548
84183
82046
81952
78905
74387
73106
74659
76859
75388
73436
70704
68264
66801
73135
79071
76240
71119
62771
59728
54230
52722
58364
64779
71930
74292
73519
69359
71790
74346
72472
67970
64928
64342
63273
69230
75617
76278
75121
73533
71363
68395
64618
61054
62477
65175
66269
65310
65848
71151
74644
69907
70731
70410
72662
76347
80720
83383
83310
82312
77462
74741
69064
66225
67865
65747
61782
61388
60479
57717
59041
61067
60910
60384
58116
58650
59770
61356
63644
65797
65842
67261
69457
64619
61803
65458
64919
63634
63529
65294
64397
59046
59385
59343
60110
61755
64026
63573
60484
60871
62807
63605
59363
48452
31300
14962
10540
10398
18428
35995
49052
54299
64060
80121
91044
94575
97181
94504
94475
94098
94942
91619
87657
81941
68268
49817
39523
37529
33795
22594
12824
11794
9288
3170
0
0
0
0
0
0
0
0
0
0
0
0
0
0
0
0
0
0
0
0
0
0
0
0
0
0
0
0
0
0
0
0
0
0
0
0
0
0
0
0
0
0
0
0
0
0
0
0
0
0
0
0
0
0
0
0
0
0
0
0
0
0
0
0
0
0
0
0
0
0
0
0
0
0
0
0
0
0
0
0
0
0
0
0
0
0
0
0
0
0
0
0
0
0
0
0
0
0
0
0
0
0
0
0
0
0
0
0
0
0
0
0
0
0
0
0
0
0
0
0
0
0
0
0
0
0
0
0
0
0
0
0
0
0
0
0
0
0
0
0
0
0
0
0
0
0
0
0
0
0
0
0
0
0
0
0
0
0
0
0
0
0
0
0
0
0
0
0
0
0
0
0
0
0
0
0
0
0
0
0
0
0
0
0
0
0
0
0
0
0
0
0
0
0
0
0
0
0
0
0
0
0
0
0
0
0
0
0
0
0
0
0
0
0
0
0
0
0
0
0
0
0
