0
0
0
0
0
0
0
0
0
0
0
0
0
0
0
0
0
0
0
0
0
0
0
0
0
0
0
0
0
0
0
0
0
0
0
0
0
0
0
0
0
0
0
0
0
0
0
0
0
0
0
0
0
0
0
0
0
0
0
0
0
0
0
0
0
0
0
0
0
0
0
0
0
0
0
0
0
0
0
0
0
0
0
0
0
0
0
0
0
0
0
0
0
0
0
0
0
0
0
0
0
0
0
0
0
0
0
0
0
0
0
0
0
0
0
0
0
0
0
0
0
0
0
0
0
0
0
0
0
0
0
0
0
0
0
0
0
0
0
0
0
0
0
0
0
0
0
0
0
0
0
0
0
0
0
0
0
0
0
0
0
0
0
0
0
0
0
0
0
0
0
0
0
0
0
0
0
0
0
0
0
0
0
0
0
0
0
0
0
0
0
0
0
0
0
0
0
0
0
0
0
0
0
0
0
0
0
0
0
0
0
0
0
0
2248
6646
10305
11006
12923
16605
24408
53412
92786
107722
123129
131271
133020
133178
125840
105695
100937
77474
59107
39526
18192
12059
11132
10317
10417
9912
11467
12679
13183
14122
15202
17105
18794
19566
21148
22548
22599
23079
24635
27109
27323
26516
25970
27176
27765
27330
26624
26442
26573
26000
24471
24340
25553
25616
26436
26172
24950
23980
24405
23688
24748
23623
22505
22145
20833
23910
24016
21707
22827
23146
21156
20209
18410
19316
18459
18078
18532
18762
18317
18724
18849
18789
19036
19301
20616
21102
21841
21542
20104
18449
16364
14539
12693
12648
13395
13637
12801
14005
12839
11184
12286
13051
11467
10059
9260
7686
6742
7779
7196
10255
29500
53083
56153
57654
59499
60661
51448
48491
61748
64329
56770
43744
61465
68605
67305
65698
58846
42890
17495
9806
9415
8525
7489
29403
63864
67663
79189
91982
92210
103634
108822
99793
97211
86429
85137
75126
77924
86860
86630
55203
66048
57131
99479
106570
97321
79437
93518
96082
106291
121117
156844
145359
130125
144586
144276
126617
131910
73835
19541
15126
15814
15263
14550
38604
81158
82140
95089
113595
118046
138829
134879
109831
90672
99225
99578
90120
47862
20728
14025
10785
12653
11538
14002
16521
21038
27906
37159
45570
51136
55700
58496
60164
59461
59244
57612
58431
62643
66312
65724
67104
68199
71563
75468
76044
77726
79749
77979
75152
74962
75415
71572
72580
74976
77304
77729
77660
77669
76332
74119
73661
72715
71389
71623
73159
76903
78657
76678
77334
79721
83114
82742
80783
75628
73349
72965
70868
71465
70548
68532
68684
68952
69074
70634
69722
73019
73571
72577
74914
77311
74484
72534
72877
72319
72857
71934
72814
75264
77160
78940
79288
78509
77570
74566
72489
70901
68186
70835
68025
68098
69910
69919
70548
71237
72134
69520
65060
62157
58276
44020
29821
19440
14421
10746
10095
11976
16719
22391
55763
83044
80377
95215
96547
115877
128498
107032
93559
112585
128373
81370
65865
28791
14416
11389
12885
12319
15644
34426
56993
71411
95878
104313
89876
72786
77576
74066
65370
56539
55556
58182
65534
78917
75944
81867
83248
80333
67835
70456
95831
104918
103759
93672
82249
76973
78822
73835
79181
74640
61386
67610
62681
76803
87156
92403
82976
72525
35719
42727
89676
94056
100169
104564
96761
100056
84678
90383
101017
103917
105706
101143
88265
74978
65566
48491
29718
17654
15451
27015
38171
59456
82992
86195
78921
74843
76404
77037
86947
87451
87955
78920
66142
62726
59210
47889
45291
52095
55915
57633
56062
48522
40728
34109
23027
12643
9601
9532
26366
55028
61502
60368
64800
66457
64588
60949
58505
58792
61697
58776
52494
49010
41602
30527
19919
32813
40804
37650
34997
36041
41425
35799
36765
36596
38078
37715
45741
58727
66928
79288
76017
76802
82175
92447
102918
109369
125704
119570
82897
71152
30383
7588
0
0
0
0
0
0
0
0
0
0
0
0
0
0
0
0
0
0
0
0
0
0
0
0
0
0
0
0
0
0
0
0
0
0
0
0
0
0
0
0
0
0
0
0
0
0
0
0
0
0
0
0
0
0
0
0
0
0
0
0
0
0
0
0
0
0
0
0
0
0
0
0
0
0
0
0
0
0
0
0
0
0
0
0
0
0
0
0
0
0
0
0
0
0
0
0
0
0
0
0
0
0
0
0
0
0
0
0
0
0
0
0
0
0
0
0
0
0
0
0
0
0
0
0
0
0
0
0
0
0
0
0
0
0
0
0
0
0
0
0
0
0
0
0
0
0
0
0
0
0
0
0
0
0
0
0
0
0
0
0
0
0
0
0
0
0
0
0
0
0
0
0
0
0
0
0
0
0
0
0
0
0
0
0
0
0
0
0
0
0
0
0
0
0
0
0
0
0
0
0
0
0
0
0
0
0
0
0
0
0
0
0
0
0
0
0
0
0
0
0
0
0
