0
0
0
0
0
0
0
0
0
0
0
0
0
0
0
0
0
0
0
0
0
0
0
0
0
0
0
0
0
0
0
0
0
0
0
0
0
0
0
0
0
0
0
0
0
0
0
0
0
0
0
0
0
0
0
0
0
0
0
0
0
0
0
0
0
0
0
0
0
0
0
0
0
0
0
0
0
0
0
0
3840
7920
11760
11760
11760
11760
11760
11760
11760
11760
11760
10800
10800
11760
10800
10800
11760
11760
10800
10800
11760
10800
8880
9837
12807
28608
35430
21383
7308
7058
5396
4032
4032
4032
4032
5224
6880
7719
24914
46839
52327
45309
40395
38748
37187
40121
40010
33880
29400
28633
34650
39036
41144
44677
42248
37883
39461
47815
56185
58287
56099
46404
38211
38470
38085
39371
46996
48559
48714
44935
47171
54788
64521
64564
59533
54942
54881
48851
42169
41356
47959
50768
45118
31076
13759
5514
4032
4032
4032
4238
5340
6398
6534
6622
19560
37279
39178
37340
41914
41801
27479
9459
8077
6239
5040
5040
4080
4080
4080
4080
4080
4080
4080
4080
4080
4080
4080
4080
4080
4080
5040
5040
4080
4080
5040
5040
4080
4080
4080
4080
4080
4080
4080
4080
4080
4032
4032
4032
5044
6354
7416
7402
8308
18504
47921
69256
77156
70288
65375
61416
71012
73444
68415
68099
78315
83119
83994
87730
94486
96819
92324
90848
88679
85278
84756
89099
89687
90668
82612
75199
71310
77080
74819
72316
72920
71396
76103
76165
70704
68464
69625
75755
71336
70452
66659
72140
77140
71189
70122
71112
63331
57769
57704
53101
51350
53171
69124
74905
74679
77793
91289
101769
100482
96337
92394
85054
78471
89494
93772
91534
83850
76469
73326
70654
70446
74584
75281
84828
89706
88530
86215
90726
91873
89018
86634
85140
90781
89983
88677
86638
93118
94602
94752
93952
91624
85386
71585
65222
66569
63869
64069
60327
58608
68509
72553
72661
79384
84985
101489
108238
102379
110639
117104
118453
115224
106725
91951
86065
84748
83608
87280
92647
100364
98088
100355
98365
89139
93522
97498
95035
96444
93001
93400
89704
93258
90463
89956
92404
89385
91191
93380
92893
93088
91247
85302
80821
85441
93668
104237
107086
99703
94145
92556
103179
92808
86082
89067
87763
77601
71663
70796
89176
103383
99863
102001
98603
103757
108948
103961
99177
97050
98109
95395
86513
88699
83313
74610
82806
92726
96177
93141
91407
101171
96326
93757
96753
94746
89280
97758
101234
111194
119791
120084
116820
122490
125936
131534
130327
132906
135830
138597
141535
138969
130467
135727
136926
134865
122153
114855
108588
100061
101619
101546
97086
99176
103435
100520
99416
100481
93828
87248
86151
87454
84789
82461
86383
83446
75173
59683
50879
49849
48736
47773
53717
62593
64074
60984
72743
87949
88449
85232
81994
74923
70345
73375
78548
80610
77763
69397
63351
61348
61630
65543
64188
71216
78818
81020
77099
79418
77732
78782
74558
75022
76363
77933
75930
76319
80903
87029
88197
83611
82500
78036
70265
59258
60189
58520
55630
52008
49460
56193
64425
62924
67963
69008
80924
92668
90439
91036
99500
99588
102238
97857
83522
75171
71875
74041
74521
78293
82668
84973
86892
87720
81164
79351
81792
85708
85797
81661
81635
81797
79884
78977
78576
83562
79198
77117
79568
81740
80605
80361
75772
71977
67611
75745
88024
93763
87693
83279
78552
82786
85212
74072
72080
74507
69793
62379
58473
64904
83375
86243
85987
86755
84877
92951
90133
86561
87817
87026
84189
77431
73692
73955
67807
66422
74580
80047
75197
77425
79774
81493
78776
82988
86563
86510
80568
74146
77886
89938
93164
96068
93425
90148
88085
92333
97228
94580
93801
103964
107034
97455
95064
102812
107877
99226
94662
86361
73607
67727
69395
70708
77919
81923
80087
76098
77702
77722
67786
67599
70269
61188
30112
8024
6922
5210
4032
4032
4032
4032
4032
4016
4080
4080
4080
4080
4080
4080
4080
4080
4080
4080
4080
5040
5040
4080
4080
4080
4080
5040
5040
4080
4080
4080
4080
4080
5040
5040
4080
4080
4080
4080
5040
5040
4080
4080
4080
4080
5040
5040
4080
4080
5040
5040
4080
4080
4080
5040
5040
4080
4080
4408
4932
4080
3984
4000
4576
4328
4080
4080
4612
5048
4080
4032
4032
4032
5354
6960
25560
95303
135433
144950
138467
132779
120637
116489
121262
114152
115528
123398
139579
137686
130636
131995
132852
140448
150482
150669
151419
147434
143539
131960
127946
128118
132566
139091
143884
142118
152307
161319
155884
139450
128654
126428
124404
132189
140489
146377
146359
153792
163668
158410
158023
157088
156033
148335
133713
128899
137829
141526
144240
150064
154861
147698
137335
130512
132734
127080
126830
133196
133671
135405
138293
128249
133985
149948
131415
131882
131114
124735
129805
137327
139199
140491
138726
121039
108844
95650
103128
101552
64699
16359
6260
4032
4032
4032
4032
4000
3952
3984
4364
4336
4080
5040
5044
4080
5040
5040
3840
0
0
0
0
0
0
0
0
0
0
0
0
0
0
0
0
0
0
0
0
0
0
0
0
0
0
0
0
0
0
0
0
0
0
0
0
0
0
0
0
0
0
0
0
0
0
0
0
0
0
0
0
0
0
0
0
0
0
0
0
0
0
0
0
0
0
0
0
0
0
0
0
0
0
0
0
0
0
0
0
0
0
0
0
0
0
0
