0
0
0
0
0
0
0
0
0
0
0
0
0
0
0
0
0
0
0
0
0
0
0
0
0
0
0
0
0
0
0
0
0
0
0
0
0
0
0
0
0
0
0
0
0
0
0
0
0
0
0
0
0
0
0
0
0
0
0
0
0
0
0
0
0
0
0
0
0
0
0
0
0
0
0
0
0
0
0
0
0
0
0
0
0
0
0
0
0
0
0
0
0
0
0
0
0
0
0
0
0
0
0
0
0
0
0
0
0
0
0
0
0
0
0
0
0
0
0
0
0
0
0
0
0
0
0
0
0
0
0
0
0
0
0
0
0
0
0
0
0
0
0
0
0
0
0
0
0
0
0
0
0
0
0
0
0
0
0
0
0
0
0
0
0
0
0
0
0
0
0
0
0
0
0
0
0
0
0
0
0
0
0
0
0
0
0
0
0
0
0
0
0
0
0
0
0
0
0
0
0
0
0
0
0
0
0
0
0
0
0
0
0
0
224
656
880
2160
5504
5504
4080
5504
5504
5504
6732
14952
50625
60126
62776
62130
62208
62322
61839
60641
60059
60995
60198
60011
60036
59715
59744
58859
57870
56900
58553
57277
57824
53606
23132
4990
4675
5264
8108
11522
11282
9864
8196
8714
9746
8260
4360
11446
39498
47845
49853
48469
47875
47726
46741
47239
44881
45194
37191
8702
2604
1656
990
704
704
704
704
704
704
704
704
704
704
704
704
704
704
704
704
704
704
704
704
704
704
704
704
704
704
704
704
704
704
704
704
704
704
704
704
704
704
704
704
704
704
704
704
704
704
704
704
704
704
704
704
704
704
704
704
704
704
704
704
704
704
704
704
704
2864
4080
5496
5504
5504
10526
24592
51777
79389
90349
104334
105305
103799
107845
111869
100709
101924
100443
102470
104120
113283
125227
120145
103938
101041
97381
98616
97816
107237
110573
113037
122942
109160
104254
111548
124814
141449
146861
153271
152676
142080
140398
135419
133193
130152
137822
146916
137666
122917
131760
132036
131355
132826
119232
110604
113793
116930
120138
123439
136074
138220
140788
148993
144359
126791
121469
129277
132311
128975
114179
122045
114446
109633
108062
97577
96306
90970
103161
136023
120405
120336
142430
123667
126153
131330
126638
121850
134168
132277
132793
126118
110231
112018
113592
122597
119312
124421
131205
141143
143950
136371
139611
142667
124252
108937
120530
125431
120309
121115
123819
155080
172285
156144
132858
134874
132211
126157
124755
119365
133818
141739
130391
128943
143722
132540
117101
107537
106454
116530
114442
116075
113490
131989
143449
133156
125014
114884
115657
124051
121823
122507
125169
104511
110208
114557
88961
87670
93824
95383
103441
116905
115874
129582
137426
141450
134576
124277
117055
119524
123259
124738
128204
125567
123458
112440
108416
112788
103372
102029
118484
132390
133826
134971
123687
121469
129864
138379
129122
124081
116317
124913
122067
126440
134108
139830
140653
132655
123667
113620
108874
105809
112185
109022
106556
97055
91413
95042
90908
90512
93362
109898
118549
105780
104111
101414
100260
106397
108849
121786
114249
114192
114408
118293
107593
97373
42927
9542
8271
7473
8383
7758
6842
34634
67856
70581
68639
68478
67493
69669
69123
69488
67198
61076
31154
2566
1282
704
704
704
704
704
704
704
704
704
704
704
704
704
704
704
704
704
704
704
704
704
704
704
704
704
704
704
704
704
704
704
704
704
704
704
704
704
704
704
704
704
704
704
704
704
704
704
704
704
704
704
704
704
704
704
704
704
704
996
1844
21650
40986
40612
42777
43554
45473
46648
48711
49755
59352
57147
34573
11703
11900
10662
9776
9776
9792
7120
3440
752
720
704
528
176
0
0
0
0
0
0
0
0
0
0
0
0
0
0
0
0
0
0
0
0
0
0
0
0
0
0
0
0
0
0
0
0
0
0
0
0
0
0
0
0
0
0
0
0
0
0
0
0
0
0
0
0
0
0
0
0
0
0
0
0
0
0
0
0
0
0
0
0
0
0
0
0
0
0
0
0
0
0
0
0
0
0
0
0
0
0
0
0
0
0
0
0
0
0
0
0
0
0
0
0
0
0
0
0
0
0
0
0
0
0
0
0
0
0
0
0
0
0
0
0
0
0
0
0
0
0
0
0
0
0
0
0
0
0
0
0
0
0
0
0
0
0
0
0
0
0
0
0
0
0
0
0
0
0
0
0
0
0
0
0
0
0
0
0
0
0
0
0
0
0
0
0
0
0
0
0
0
0
0
0
0
0
0
0
0
0
0
0
0
0
0
0
0
0
0
0
0
0
0
0
0
0
0
0
0
0
0
0
0
0
0
0
0
0
0
0
0
0
0
0
0
0
