0
0
0
0
0
0
0
0
0
0
0
0
0
0
0
0
0
0
0
0
0
0
0
0
0
0
0
0
0
0
0
0
0
0
0
0
0
0
0
0
0
0
0
0
0
0
0
0
0
0
0
0
0
0
0
0
0
0
0
0
0
0
0
0
0
0
0
0
0
0
0
0
0
0
0
0
0
0
0
0
0
0
0
0
0
0
0
0
0
0
0
0
0
0
0
0
0
0
0
0
0
0
0
0
0
0
0
0
0
0
0
0
0
0
0
0
0
0
0
0
0
0
0
0
0
0
0
0
0
0
0
0
0
0
0
0
0
0
0
0
0
0
0
0
0
0
0
0
0
0
0
0
0
0
0
0
0
0
0
0
0
0
0
0
0
0
0
0
0
0
0
0
0
0
0
0
0
0
0
0
0
0
0
0
0
0
0
0
0
0
0
0
0
0
0
0
0
0
0
0
0
0
0
0
0
0
0
0
0
0
0
0
0
0
4078
7302
6468
8236
10787
11412
18694
54683
82043
95473
99857
103727
104752
105386
97675
89630
85159
87286
84873
77470
78198
80378
84448
92335
93419
86887
85095
84533
89934
93279
97267
98059
100576
99565
96238
93306
93614
93601
91438
85058
79162
79260
83625
85175
87613
91644
94919
95931
95479
101056
101229
100202
100700
95535
92024
91300
89778
89544
88668
89259
85401
81235
86025
87943
79555
79657
88719
93755
98466
97568
94374
98003
96830
96638
88595
84379
78830
78823
81509
84047
87712
86402
85662
85902
94301
94436
87184
75905
70676
71327
74264
81007
86999
91239
91418
94357
97296
98534
93730
89290
91092
89267
83195
81657
78609
76194
83035
92173
92154
91832
95016
96906
93203
87009
82319
80551
82078
86528
81271
71067
62583
44447
21894
7225
4080
4080
4528
4473
2635
3126
3169
2821
1540
2410
5862
6630
13343
20981
25000
29017
34789
39701
39331
42000
50344
55782
56575
63923
67278
66538
62194
59875
60090
59935
62176
70001
71771
72574
70927
68709
66950
66912
62354
53881
48944
48877
46800
46170
46530
46120
45744
43919
37331
30812
29347
33102
36680
37734
37983
39651
48695
68330
82740
86823
89733
86686
85497
85100
89744
94044
96684
99155
94901
84987
78387
75990
83468
86900
85656
86528
90381
92267
93822
92432
85481
83943
85786
85508
84501
87346
91625
93171
93651
91460
85907
85491
87786
88928
87220
81079
74511
70714
70153
69035
67082
65174
64441
64346
64478
68103
74891
79533
79669
82297
83209
85219
93495
101700
110315
119586
126576
131726
129527
115914
102213
87712
70484
64100
66004
69086
77937
86865
95803
101536
100042
97015
99820
99117
92146
85691
83986
81721
73937
53018
31303
16591
7944
4080
656
1664
1664
1664
1664
1664
1664
1664
1664
1802
2270
2820
3126
2986
2424
1836
1664
1664
1664
1664
800
2660
6392
8716
15691
20387
27509
36284
43329
47963
49440
50159
55118
65690
73412
84023
86801
86038
82865
73961
70936
71756
73202
90189
93213
85832
87520
85789
85047
85951
84253
76342
65705
60527
59683
57674
56149
56312
56634
53499
43125
36281
34628
36711
40128
44705
45688
48230
53565
62755
80490
93488
97012
96001
95173
97091
99698
102946
107066
110277
102949
101137
97250
83862
79099
84727
90515
92925
101924
103076
101941
99019
88591
89456
92459
90773
87747
86503
91308
96989
96955
94633
90523
87308
87243
88575
86406
81034
77713
73748
70331
67953
64737
63857
62986
63588
64147
68042
74219
78305
77294
78366
78661
81769
90878
98044
103939
109549
115368
117757
117264
106948
98257
91091
78783
64195
62544
67254
73973
79313
83846
91264
90929
90408
91987
91842
89107
83584
78712
75008
64913
45519
26836
20039
13359
5939
1264
1664
1664
1664
1664
1664
1664
1664
1664
1664
1664
1664
1664
1664
1718
1826
1856
1826
1792
1892
6535
8178
9428
8272
4002
0
0
0
0
0
0
0
0
0
0
0
0
0
0
0
0
0
0
0
0
0
0
0
0
0
0
0
0
0
0
0
0
0
0
0
0
0
0
0
0
0
0
0
0
0
0
0
0
0
0
0
0
0
0
0
0
0
0
0
0
0
0
0
0
0
0
0
0
0
0
0
0
0
0
0
0
0
0
0
0
0
0
0
0
0
0
0
0
0
0
0
0
0
0
0
0
0
0
0
0
0
0
0
0
0
0
0
0
0
0
0
0
0
0
0
0
0
0
0
0
0
0
0
0
0
0
0
0
0
0
0
0
0
0
0
0
0
0
0
0
0
0
0
0
0
0
0
0
0
0
0
0
0
0
0
0
0
0
0
0
0
0
0
0
0
0
0
0
0
0
0
0
0
0
0
0
0
0
0
0
0
0
0
0
0
0
0
0
0
0
0
0
0
0
0
0
0
0
0
0
0
0
0
0
0
0
0
0
0
0
0
0
0
0
0
0
0
0
0
0
0
0
