0
0
0
0
0
0
0
0
0
0
0
0
0
0
0
0
0
0
0
0
0
0
0
0
0
0
0
0
0
0
0
0
0
0
0
0
0
0
0
0
0
0
0
0
0
0
0
0
0
0
0
0
0
0
0
0
0
0
0
0
0
0
0
0
0
0
0
0
0
0
0
0
0
0
0
0
0
0
0
0
0
0
0
0
0
0
0
0
0
0
0
0
0
0
0
0
0
0
0
0
0
0
0
0
0
0
0
0
0
0
0
0
0
0
0
0
0
0
0
0
0
0
0
0
0
0
0
0
0
0
0
0
0
0
0
0
0
0
0
0
0
0
0
0
0
0
0
0
0
0
0
0
0
0
0
0
0
0
0
0
0
0
0
0
0
0
0
0
0
0
0
0
0
0
0
0
0
0
0
0
0
0
0
0
0
0
0
0
0
0
0
0
0
0
0
0
0
0
0
0
0
0
0
0
0
0
0
0
0
0
0
0
0
0
18010
38730
41357
41295
43090
44864
46365
48709
50545
46605
46789
49534
49966
51242
53160
54057
50919
50875
51592
50728
49892
53211
55839
54730
54057
55549
56779
57244
56105
53731
51688
53143
53444
53788
52690
53024
54613
56888
52950
51932
53060
49891
49507
50049
51323
54417
53228
53713
54184
53479
51332
49218
46282
43736
45725
45107
43924
45266
44931
40023
39641
40457
42558
43163
45036
46685
48313
50007
46670
45611
46133
44984
47842
49477
54025
53380
51163
51523
50621
50476
46459
49053
48994
49353
49695
47449
46438
46873
44457
42167
42447
43338
42715
42608
42907
45617
47240
38828
20540
11447
27167
46314
52043
58926
58421
56245
55942
57399
60183
61609
57249
54446
60047
63784
63074
64174
67993
69321
71585
71458
68432
62791
44551
29932
23802
13274
8442
7568
8034
8743
8929
10323
13985
15899
16234
17469
17434
18382
19614
21476
22840
22769
22783
23443
25689
25838
27413
30007
30909
30606
32575
34477
36188
39583
43260
45638
48069
50425
54615
60281
62706
65579
66506
68175
66905
67083
67194
71487
76141
74138
75641
77146
76287
77305
76105
75366
70750
66755
63872
61961
62515
67207
68690
67965
74028
75265
73918
74723
78034
75347
75086
76096
75518
77148
82370
83583
87560
90680
92131
93999
95348
94320
95874
96767
96172
99036
96186
98575
98201
96701
96662
94091
91857
91602
91644
89223
87792
87998
85200
80562
80218
84794
87770
87258
88686
88596
91168
91910
92843
93192
90406
94140
93233
93115
94849
97061
97029
94911
92416
96358
93011
90810
90640
94039
90117
88534
89856
87392
87103
89693
90816
90769
93454
94426
88717
89756
88032
85358
85127
84048
85750
85134
82834
84603
85356
86121
87125
84340
86893
86816
84470
83433
81883
82471
80318
79967
79247
82142
82362
78287
81038
80625
81525
82041
80634
83227
85983
86518
86047
83128
82501
78034
75678
79552
80443
75964
75769
75982
77282
76341
71295
71880
74771
78229
81449
81838
81457
80311
79392
77740
80183
80658
77280
73836
73819
72646
76382
77488
79872
79292
79880
81094
81327
81903
78682
76899
77774
75124
71044
70105
70388
67032
65148
67548
66300
65126
71241
69009
69100
68166
69834
72165
70466
70830
71653
70915
68796
67360
66772
67190
66237
67501
67608
62408
59370
60024
60097
56370
56927
55746
56188
53092
50812
49281
46829
41175
39437
38813
39933
41271
41253
42831
41523
39844
39908
42135
42244
40414
41574
41784
44274
45595
45116
41900
39531
32380
25846
21350
18355
17389
17426
17273
17227
17258
18029
18389
19262
22027
23994
23865
23227
22274
21727
22105
21792
19947
17759
15487
13509
12092
10988
10864
12057
37094
88093
85191
104640
98624
81908
85676
78574
81873
84721
87885
86591
87100
80565
78929
87368
90642
90285
82913
81158
84928
97734
99932
89484
80112
88944
96917
89035
76044
75196
80338
84191
79536
87580
62463
22100
0
0
0
0
0
0
0
0
0
0
0
0
0
0
0
0
0
0
0
0
0
0
0
0
0
0
0
0
0
0
0
0
0
0
0
0
0
0
0
0
0
0
0
0
0
0
0
0
0
0
0
0
0
0
0
0
0
0
0
0
0
0
0
0
0
0
0
0
0
0
0
0
0
0
0
0
0
0
0
0
0
0
0
0
0
0
0
0
0
0
0
0
0
0
0
0
0
0
0
0
0
0
0
0
0
0
0
0
0
0
0
0
0
0
0
0
0
0
0
0
0
0
0
0
0
0
0
0
0
0
0
0
0
0
0
0
0
0
0
0
0
0
0
0
0
0
0
0
0
0
0
0
0
0
0
0
0
0
0
0
0
0
0
0
0
0
0
0
0
0
0
0
0
0
0
0
0
0
0
0
0
0
0
0
0
0
0
0
0
0
0
0
0
0
0
0
0
0
0
0
0
0
0
0
0
0
0
0
0
0
0
0
0
0
0
0
0
0
0
0
0
0
