0
0
0
0
0
0
0
0
0
0
0
0
0
0
0
0
0
0
0
0
0
0
0
0
0
0
0
0
0
0
0
0
0
0
0
0
0
0
0
0
0
0
0
0
0
0
0
0
0
0
0
0
0
0
0
0
0
0
0
0
0
0
0
0
0
0
0
0
0
0
0
0
0
0
0
0
0
0
0
0
0
0
0
0
0
0
0
0
0
0
0
0
0
0
0
0
0
0
0
0
0
0
0
0
0
0
0
0
0
0
0
0
0
0
0
0
0
0
0
0
0
0
0
0
0
0
0
0
0
0
0
0
0
0
0
0
0
0
0
0
0
0
0
0
0
0
0
0
0
0
0
0
0
0
0
0
0
0
0
0
0
0
0
0
0
0
0
0
0
0
0
0
0
0
0
0
0
0
0
0
0
0
0
0
0
0
0
0
0
0
0
0
0
0
0
0
0
0
0
0
0
0
0
0
0
0
0
0
0
0
0
0
0
0
2656
4080
4080
5408
6736
6736
6736
5408
5408
5408
5408
5416
4198
1916
6166
15552
19147
22012
25585
28469
30088
35618
38521
35835
35067
34088
35448
40215
46414
48059
50049
52435
57301
61824
67405
69889
69863
64880
61178
61555
59718
58679
58434
61471
64346
67289
74182
80014
85001
80949
65973
53236
50994
50902
51491
52877
53462
52051
48326
45645
43694
42649
36462
25952
19418
16479
11408
5362
5224
5515
6736
5408
5408
6736
5408
6022
8601
5972
2650
1664
1664
1664
1664
1664
1664
1664
1664
1664
1664
1664
1664
1664
1664
1664
1664
1664
1664
1664
1664
1664
4556
15141
29978
38979
40579
37546
32077
31235
34861
41383
45984
49730
52499
56977
60012
60366
64491
70823
78454
81308
86708
92162
89160
88480
85529
84295
84448
84741
89077
89112
87571
88097
86291
84062
81746
79121
78480
79080
78363
77462
78231
81547
83931
85638
84303
83245
83856
83067
73912
67254
61971
59073
63278
69142
76210
86668
96460
103135
100261
100290
108377
107386
106747
117209
120757
124578
124225
121605
123297
126420
124625
117155
107878
97089
92443
92087
83332
79306
78668
76428
74373
75577
83391
86465
86055
84467
88428
92378
92887
87329
83994
83488
84106
87897
92071
94091
89464
85121
87387
86711
87843
89576
88246
94785
104470
111464
113646
110144
104621
103537
105162
113614
114540
108270
106907
106630
106969
104351
109453
112195
112274
108945
105849
106914
107787
103959
98463
95186
92665
91886
88936
86795
80548
76755
75884
73174
69329
66130
61965
64655
64726
66062
69970
78694
84389
87193
84719
81431
80538
83818
83138
77657
73964
70916
70422
69349
71614
72341
73639
81557
88758
87677
86192
85192
91617
92380
86912
80842
79708
81807
84130
84317
82537
87198
88843
89190
88024
81279
76817
72706
70699
68184
65054
64461
65156
67635
65793
66259
65508
65108
63418
61534
57884
55024
53933
53199
50749
50596
49104
47023
46545
45865
45048
40488
41180
42376
42926
42347
37133
30500
25057
14507
5430
1664
1664
1664
1664
1664
1664
1664
1664
1664
1664
1664
1664
1664
1664
2812
17768
43367
54020
53594
52089
53718
64440
79310
87711
95807
100004
98555
89239
77691
78420
89444
93211
95165
96833
96179
97890
97016
100013
100386
102085
104831
101764
95316
91569
92390
93596
95111
89422
77946
74692
77699
81157
83074
83895
82975
77380
71588
72405
82972
92708
96071
97966
94376
95487
90892
85740
90927
92603
99535
98822
93510
99591
100724
88238
79104
75189
75510
75040
70353
71891
70715
76535
78655
79963
82097
84600
88008
90052
85331
73374
63849
71286
87769
95685
93133
89073
91901
93464
93855
88833
82074
82781
74080
68733
66153
72883
84148
92085
87752
83867
89213
98376
97700
97890
97616
100724
97444
93643
94147
92245
87968
79951
76853
74983
73982
73919
80214
91472
89070
76265
69526
69339
67628
58677
33639
9452
0
0
0
0
0
0
0
0
0
0
0
0
0
0
0
0
0
0
0
0
0
0
0
0
0
0
0
0
0
0
0
0
0
0
0
0
0
0
0
0
0
0
0
0
0
0
0
0
0
0
0
0
0
0
0
0
0
0
0
0
0
0
0
0
0
0
0
0
0
0
0
0
0
0
0
0
0
0
0
0
0
0
0
0
0
0
0
0
0
0
0
0
0
0
0
0
0
0
0
0
0
0
0
0
0
0
0
0
0
0
0
0
0
0
0
0
0
0
0
0
0
0
0
0
0
0
0
0
0
0
0
0
0
0
0
0
0
0
0
0
0
0
0
0
0
0
0
0
0
0
0
0
0
0
0
0
0
0
0
0
0
0
0
0
0
0
0
0
0
0
0
0
0
0
0
0
0
0
0
0
0
0
0
0
0
0
0
0
0
0
0
0
0
0
0
0
0
0
0
0
0
0
0
0
0
0
0
0
0
0
0
0
0
0
0
0
0
0
0
0
0
0
