0
0
0
0
0
0
0
0
0
0
0
0
0
0
0
0
0
0
0
0
0
0
0
0
0
0
0
0
0
0
0
0
0
0
0
0
0
0
0
0
0
0
0
0
0
0
0
0
0
0
0
0
0
0
0
0
0
0
0
0
0
0
0
0
0
0
0
0
0
0
0
0
0
0
0
0
0
0
0
0
0
0
0
0
0
0
0
0
0
0
0
0
0
0
0
0
0
0
0
0
0
0
0
0
0
0
0
0
0
0
0
0
0
0
0
0
0
0
0
0
0
0
0
0
0
0
0
0
0
0
0
0
0
0
0
0
0
0
0
0
0
0
0
0
0
0
0
0
0
0
0
0
0
0
0
0
0
0
0
0
0
0
0
0
0
0
0
0
0
0
0
0
0
0
0
0
0
0
0
0
0
0
0
0
0
0
0
0
0
0
0
0
0
0
0
0
0
0
0
0
0
0
0
0
0
0
0
0
0
0
0
0
0
0
2656
6736
9392
9392
8064
8064
9392
8064
8064
8064
6736
8064
8064
5552
3232
1248
1664
1664
1664
1664
1664
1664
1664
1664
1664
1664
1664
1664
1664
1664
1664
1664
1664
1664
1664
1664
1664
1664
1664
1664
1664
1664
1664
1664
1664
1664
1664
1664
1664
1664
1664
1664
1664
1664
1664
1664
1664
1664
1664
1664
1664
1664
1664
1664
1664
1664
1664
1664
1664
1664
1664
1664
1664
1664
1664
1664
1664
1664
1664
1664
1664
1664
1664
1664
1664
1664
1664
1664
1664
1676
1702
1724
1716
1682
1664
1664
1664
1248
3152
4080
5272
5323
5500
6732
13065
31175
39387
42302
43954
45661
48363
49720
47059
49506
49637
50483
51595
48791
48538
49483
46702
47572
48244
53954
57471
56145
53150
52121
51492
50150
52312
55832
57200
57299
57888
58926
55411
54883
53819
58154
59755
58267
57799
59345
59121
59172
60077
59089
59559
59521
61697
58783
57213
54585
56599
58050
53647
53525
57882
64470
63741
66213
62633
62853
65493
64159
62012
60977
62267
61409
67081
68466
64726
68566
70328
70923
67878
55412
21113
5272
5272
5272
5272
5832
4144
416
1664
1664
1664
1664
1664
1664
1664
1664
1664
1664
1664
1664
1248
4288
5408
6736
5408
16001
40092
53762
57786
55999
55333
55886
61416
71817
79457
86385
89661
94361
102302
105492
106916
97281
89228
84940
81929
83651
90004
96577
100293
101635
105533
107652
109312
111399
108733
109541
110368
113873
115677
115635
119208
121926
120481
113464
107725
106761
105063
107865
109178
109001
109166
108128
99534
92460
88615
85448
94834
102671
98990
100735
99183
99752
98496
92405
87106
85076
85439
94892
104185
110399
118792
122108
120725
119474
121167
116516
110627
103667
99530
106370
114251
119089
126567
128645
122993
116894
121164
128135
130156
127208
118343
105489
98190
96564
95254
93998
88891
86064
85722
85154
85027
87136
94590
99740
101201
104129
107763
109340
108881
112240
113477
114347
111483
101987
88090
83451
89623
103624
116501
124265
126422
120166
115412
112981
115135
118563
119777
118997
114147
112726
110826
103972
97903
93175
86807
83763
81322
91005
103215
111327
117364
119459
115604
109476
115252
120572
126054
126944
126943
126686
126912
127716
130808
131986
127899
122408
125234
120996
118947
119719
112179
106971
106103
102469
101368
98935
96467
98949
105744
114571
120491
120866
108434
96052
91904
91507
92045
89054
76660
46860
19117
7140
5408
4080
5408
5408
5408
5408
3072
3908
14431
27412
35747
37864
40593
45989
51887
52190
51961
52167
50840
55603
63012
63345
61160
64670
75030
83389
84413
81700
77811
71538
70071
63540
55777
57600
63435
68008
77034
87952
86577
73050
58597
51448
52662
54414
53227
52649
50684
47264
43136
38740
28132
19879
17734
14846
9268
6819
8585
8387
7022
6736
6736
6736
6736
8064
8064
8064
8064
5408
2656
0
0
0
0
0
0
0
0
0
0
0
0
0
0
0
0
0
0
0
0
0
0
0
0
0
0
0
0
0
0
0
0
0
0
0
0
0
0
0
0
0
0
0
0
0
0
0
0
0
0
0
0
0
0
0
0
0
0
0
0
0
0
0
0
0
0
0
0
0
0
0
0
0
0
0
0
0
0
0
0
0
0
0
0
0
0
0
0
0
0
0
0
0
0
0
0
0
0
0
0
0
0
0
0
0
0
0
0
0
0
0
0
0
0
0
0
0
0
0
0
0
0
0
0
0
0
0
0
0
0
0
0
0
0
0
0
0
0
0
0
0
0
0
0
0
0
0
0
0
0
0
0
0
0
0
0
0
0
0
0
0
0
0
0
0
0
0
0
0
0
0
0
0
0
0
0
0
0
0
0
0
0
0
0
0
0
0
0
0
0
0
0
0
0
0
0
0
0
0
0
0
0
0
0
0
0
0
0
0
0
0
0
0
0
0
0
0
0
0
0
0
0
