0
0
0
0
0
0
0
0
0
0
0
0
0
0
0
0
0
0
0
0
0
0
0
0
0
0
0
0
0
0
0
0
0
0
0
0
0
0
0
0
0
0
0
0
0
0
0
0
0
0
0
0
0
0
0
0
0
0
0
0
0
0
0
0
0
0
0
0
0
0
0
0
0
0
0
0
0
0
0
0
0
0
0
0
0
0
0
0
0
0
0
0
0
0
0
0
0
0
0
0
0
0
0
0
0
0
0
0
0
0
0
0
0
0
0
0
0
0
0
0
0
0
0
0
0
0
0
0
0
0
0
0
0
0
0
0
0
0
0
0
0
0
0
0
0
0
0
0
0
0
0
0
0
0
0
0
0
0
0
0
0
0
0
0
0
0
0
0
0
0
0
0
0
0
0
0
0
0
0
0
0
0
0
0
0
0
0
0
0
0
0
0
0
0
0
0
0
0
0
0
0
0
0
0
0
0
0
0
0
0
0
0
0
0
176
528
704
704
704
704
704
704
704
704
704
704
704
704
2666
13900
18774
14284
5662
5408
5408
4397
12328
19503
17650
15774
13851
14419
13505
11581
14522
15818
15837
16944
20467
23836
23971
19199
18330
19081
19480
20374
26282
31953
29543
28114
22828
21002
21863
19844
13678
5764
5408
6991
6032
6433
12980
17560
19987
18658
10102
1264
860
704
704
704
704
704
704
704
704
704
704
704
704
704
704
704
1648
5280
6408
5408
5878
6435
6708
24638
43502
50747
45173
41991
43905
44440
47731
48663
55840
59134
53488
52726
55061
51820
50639
46809
48249
47049
47622
46484
42736
44473
45727
41415
42409
49413
49789
40257
36016
38336
41740
43500
55178
64221
63695
59252
54757
56517
60616
56763
48137
49187
51542
59453
64105
62650
65049
64926
66490
64467
66010
69636
71585
68565
62587
52575
48914
44487
50675
52769
56898
66510
75911
83289
90500
85683
69832
63213
65389
68680
74957
74682
66025
71539
69727
73255
70085
71770
73133
69237
70782
74465
80902
75288
70724
82725
80812
77352
79306
78278
72455
66932
71544
85432
87678
89049
92072
88785
83072
82983
80010
71550
68174
79436
84727
81849
83790
84965
79821
86574
97379
102552
99038
107381
112109
116487
123246
127907
124037
121151
109348
98933
90337
91109
87701
93187
93084
91547
82550
81264
76108
77257
68958
50671
44981
50864
59415
61580
70593
82356
80090
72390
74136
74494
71423
59311
59115
61867
68711
73754
72352
74246
76214
76446
75783
77996
81743
85511
79825
68812
55673
57316
52588
55133
62036
65936
80070
90032
93703
102371
101263
88736
77981
75786
77078
87005
87977
75548
78464
85095
83174
79471
79287
82879
78547
80780
85707
83678
77762
79835
97698
95761
86054
80317
83932
77547
74617
77647
88369
93650
97671
99874
98966
91590
87311
83639
78839
73551
86630
85007
83092
92363
92475
93094
92520
96422
102672
97932
96850
100151
103352
109417
116644
107308
112304
110186
93632
75147
74067
80195
87239
87061
90781
83903
71841
42838
11985
5648
4080
4080
5416
5408
2032
832
752
704
704
704
704
704
704
704
704
704
704
704
704
704
704
704
704
704
704
704
704
704
704
704
720
752
1776
4080
4080
4080
3648
1712
4080
4080
4080
6528
26916
93052
144033
143151
137154
139770
136252
141460
147901
151397
153889
167309
168294
159665
144303
139084
146923
159912
169316
164623
144249
136987
145431
158748
164841
168553
178208
170229
159460
151238
147700
154424
171832
154897
142753
143958
135920
136583
145758
134131
150144
143233
138077
145694
155809
153938
128517
110956
107398
67836
15995
5268
4080
4080
4080
4080
2064
768
720
704
704
704
704
704
704
704
704
704
704
704
704
704
704
704
704
704
704
704
704
704
704
528
176
0
0
0
0
0
0
0
0
0
0
0
0
0
0
0
0
0
0
0
0
0
0
0
0
0
0
0
0
0
0
0
0
0
0
0
0
0
0
0
0
0
0
0
0
0
0
0
0
0
0
0
0
0
0
0
0
0
0
0
0
0
0
0
0
0
0
0
0
0
0
0
0
0
0
0
0
0
0
0
0
0
0
0
0
0
0
0
0
0
0
0
0
0
0
0
0
0
0
0
0
0
0
0
0
0
0
0
0
0
0
0
0
0
0
0
0
0
0
0
0
0
0
0
0
0
0
0
0
0
0
0
0
0
0
0
0
0
0
0
0
0
0
0
0
0
0
0
0
0
0
0
0
0
0
0
0
0
0
0
0
0
0
0
0
0
0
0
0
0
0
0
0
0
0
0
0
0
0
0
0
0
0
0
0
0
0
0
0
0
0
0
0
0
0
0
0
0
0
0
0
0
0
0
0
0
0
0
0
0
0
0
0
0
0
0
0
0
0
0
0
0
0
